INSERT INTO `genshin_farming_002`.`personnages_pierres` 
(`id_personnage`, `id_pierre`)
VALUES
(1, 1), (1, 2), (1, 3), (1, 4), -- Amber (Pyro)
(2, 21), (2, 22), (2, 23), (2, 24), -- Kaeya (Cryo)
(3, 13), (3, 14), (3, 15), (3, 16), -- Lisa (Electro)
(4, 5), (4, 6), (4, 7), (4, 8), -- Barbara (Hydro)
(5, 13), (5, 14), (5, 15), (5, 16), -- Razor (Electro)
(6, 1), (6, 2), (6, 3), (6, 4), -- Xiangling (Pyro)
(7, 13), (7, 14), (7, 15), (7, 16), -- Beidou (Electro)
(8, 5), (8, 6), (8, 7), (8, 8), -- Xinqiu (Hydro)
(9, 25), (9, 26), (9, 27), (9, 28), -- Ningguang (Geo)
(10, 13), (10, 14), (10, 15), (10, 16); -- Fischl (Electro)
(11, 1), (11, 2), (11, 3), (11, 4), -- Bennett (Pyro)
(12, 25), (12, 26), (12, 27), (12, 28), -- Noëlle (Geo)
(13, 21), (13, 22), (13, 23), (13, 24), -- Chongyun (Cryo)
(14, 17), (14, 18), (14, 19), (14, 20), -- Sucrose (Anemo)
(15, 17), (15, 18), (15, 19), (15, 20), -- Jean (Anemo)
(16, 1), (16, 2), (16, 3), (16, 4), -- Diluc (Pyro)
(17, 21), (17, 22), (17, 23), (17, 24), -- Qiqi (Cryo)
(18, 5), (18, 6), (18, 7), (18, 8), -- Mona (Hydro)
(19, 13), (19, 14), (19, 15), (19, 16), -- Keqing (Electro)
(20, 17), (20, 18), (20, 19), (20, 20); -- Venti (Anemo)
(21, 1), (21, 2), (21, 3), (21, 4), -- Klee (Pyro)
(22, 21), (22, 22), (22, 23), (22, 24), -- Diona (Cryo)
(23, 5), (23, 6), (23, 7), (23, 8), -- Tartaglia (Hydro)
(24, 1), (24, 2), (24, 3), (24, 4), -- Xinyan (Pyro)
(25, 25), (25, 26), (25, 27), (25, 28), -- Zhongli (Geo)
(26, 25), (26, 26), (26, 27), (26, 28), -- Albedo (Geo)
(27, 21), (27, 22), (27, 23), (27, 24), -- Ganyu (Cryo)
(28, 17), (28, 18), (28, 19), (28, 20), -- Xiao (Anemo)
(29, 1), (29, 2), (29, 3), (29, 4), -- Hu Tao (Pyro)
(30, 21), (30, 22), (30, 23), (30, 24); -- Rosalia (Cryo)
(31, 1), (31, 2), (31, 3), (31, 4), -- Yanfei (Pyro)
(32, 21), (32, 22), (32, 23), (32, 24), -- Eula (Cryo)
(33, 17), (33, 18), (33, 19), (33, 20), -- Kaedehara Kazuha (Anemo)
(34, 21), (34, 22), (34, 23), (34, 24), -- Kamisato Ayaka (Cryo)
(35, 17), (35, 18), (35, 19), (35, 20), -- Sayu (Anemo)
(36, 1), (36, 2), (36, 3), (36, 4), -- Yoimiya (Pyro)
(37, 21), (37, 22), (37, 23), (37, 24), -- Aloy (Cryo)
(38, 13), (38, 14), (38, 15), (38, 16), -- Kujou Sara (Electro)
(39, 13), (39, 14), (39, 15), (39, 16), -- Shogun Raiden (Electro)
(40, 5), (40, 6), (40, 7), (40, 8); -- Sangonomiya Kokomi (Hydro)
(41, 1), (41, 2), (41, 3), (41, 4), -- Thoma (Pyro)
(42, 25), (42, 26), (42, 27), (42, 28), -- Gorou (Geo)
(43, 25), (43, 26), (43, 27), (43, 28), -- Arataki Itto (Geo)
(44, 25), (44, 26), (44, 27), (44, 28), -- Yun Jin (Geo)
(45, 21), (45, 22), (45, 23), (45, 24), -- Shenhe (Cryo)
(46, 13), (46, 14), (46, 15), (46, 16), -- Yae Miko (Electro)
(47, 5), (47, 6), (47, 7), (47, 8), -- Kamisato Ayato (Hydro)
(48, 5), (48, 6), (48, 7), (48, 8), -- Yelan (Hydro)
(49, 13), (49, 14), (49, 15), (49, 16), -- Kuki Shinobu (Electro)
(50, 13), (50, 14), (50, 15), (50, 16); -- Shikanoin Heizou (Electro)
(51, 9), (51, 10), (51, 11), (51, 12), -- Collei (Dendro)
(52, 9), (52, 10), (52, 11), (52, 12), -- Tighnari (Dendro)
(53, 13), (53, 14), (53, 15), (53, 16), -- Dori (Electro)
(54, 5), (54, 6), (54, 7), (54, 8), -- Candace (Hydro)
(55, 13), (55, 14), (55, 15), (55, 16), -- Cyno (Electro)
(56, 5), (56, 6), (56, 7), (56, 8), -- Nilou (Hydro)
(57, 9), (57, 10), (57, 11), (57, 12), -- Nahida (Dendro)
(58, 21), (58, 22), (58, 23), (58, 24), -- Layla (Cryo)
(59, 17), (59, 18), (59, 19), (59, 20), -- Faruzan (Anemo)
(60, 17), (60, 18), (60, 19), (60, 20); -- Nomade (Anemo)
(61, 9), (61, 10), (61, 11), (61, 12), -- Yaoyao (Dendro)
(62, 9), (62, 10), (62, 11), (62, 12), -- Alhaitham (Dendro)
(63, 1), (63, 2), (63, 3), (63, 4), -- Dehya (Pyro)
(64, 21), (64, 22), (64, 23), (64, 24), -- Mika (Cryo)
(65, 9), (65, 10), (65, 11), (65, 12), -- Kaveh (Dendro)
(66, 9), (66, 10), (66, 11), (66, 12), -- Beizhu (Dendro)
(67, 5), (67, 6), (67, 7), (67, 8), -- Kirara (Hydro)
(68, 17), (68, 18), (68, 19), (68, 20), -- Lynette (Anemo)
(69, 1), (69, 2), (69, 3), (69, 4), -- Lyney (Pyro)
(70, 21), (70, 22), (70, 23), (70, 24); -- Fréminet (Cryo)
(71, 5), (71, 6), (71, 7), (71, 8), -- Neuvilette (Hydro)
(72, 21), (72, 22), (72, 23), (72, 24), -- Wriothesley (Cryo)
(73, 21), (73, 22), (73, 23), (73, 24), -- Charlotte (Cryo)
(74, 5), (74, 6), (74, 7), (74, 8), -- Furina (Hydro)
(75, 25), (75, 26), (75, 27), (75, 28), -- Navia (Geo)
(76, 1), (76, 2), (76, 3), (76, 4), -- Chevreuse (Pyro)
(77, 1), (77, 2), (77, 3), (77, 4), -- Gaming (Pyro)
(78, 17), (78, 18), (78, 19), (78, 20), -- Xianyun (Anemo)
(79, 25), (79, 26), (79, 27), (79, 28), -- Chiori (Geo)
(80, 1), (80, 2), (80, 3), (80, 4); -- Arlecchino (Pyro)
(81, 13), (81, 14), (81, 15), (81, 16), -- Sethos (Electro)
(82, 13), (82, 14), (82, 15), (82, 16), -- Clorinde (Electro)
(83, 5), (83, 6), (83, 7), (83, 8), -- Sigewinne (Hydro)
(84, 9), (84, 10), (84, 11), (84, 12), -- Émilie (Dendro)
(85, 25), (85, 26), (85, 27), (85, 28), -- Kachina (Geo)
(86, 5), (86, 6), (86, 7), (86, 8), -- Mualani (Hydro)
(87, 9), (87, 10), (87, 11), (87, 12), -- Kinich (Dendro)
(88, 25), (88, 26), (88, 27), (88, 28), -- Xilonen (Geo)
(89, 13), (89, 14), (89, 15), (89, 16), -- Ororon (Electro)
(90, 17), (90, 18), (90, 19), (90, 20), -- Chasca (Anemo)
(91, 21), (91, 22), (91, 23), (91, 24), -- Citlali (Cryo)
(92, 1), (92, 2), (92, 3), (92, 4), -- Mavuika (Pyro)
(93, 17), (93, 18), (93, 19), (93, 20), -- Lan Yan (Anemo)
(94, 17), (94, 18), (94, 19), (94, 20); -- Yumemizuki Mizuki (Anemo)